Used   122 iterations, diff is   0.000066, allowed diff is   0.000068
     5.958      5.431      5.192      5.070      5.000      4.959      4.934      4.921      4.916      4.920      4.933      4.961      5.013      5.110      5.305      5.742 
     6.523      6.014      5.709      5.525      5.412      5.341      5.297      5.272      5.263      5.269      5.292      5.339      5.422      5.564      5.807      6.222 
     6.798      6.392      6.105      5.911      5.782      5.696      5.641      5.609      5.596      5.602      5.628      5.681      5.771      5.915      6.137      6.460 
     6.958      6.649      6.409      6.233      6.107      6.020      5.962      5.926      5.910      5.913      5.937      5.985      6.066      6.190      6.366      6.601 
     7.065      6.838      6.650      6.504      6.394      6.315      6.260      6.224      6.206      6.204      6.220      6.257      6.319      6.411      6.538      6.698 
     7.146      6.986      6.849      6.738      6.651      6.586      6.538      6.505      6.485      6.478      6.483      6.503      6.541      6.598      6.676      6.772 
     7.212      7.111      7.023      6.948      6.887      6.839      6.801      6.773      6.752      6.738      6.732      6.733      6.744      6.764      6.795      6.835 
     7.271      7.225      7.182      7.144      7.111      7.082      7.056      7.033      7.011      6.991      6.972      6.954      6.936      6.920      6.906      6.892 
     7.328      7.334      7.337      7.336      7.331      7.322      7.308      7.291      7.270      7.243      7.212      7.173      7.128      7.075      7.015      6.949 
     7.386      7.446      7.495      7.531      7.554      7.565      7.565      7.554      7.533      7.501      7.458      7.400      7.327      7.237      7.130      7.009 
     7.451      7.570      7.667      7.740      7.790      7.820      7.832      7.827      7.807      7.771      7.717      7.642      7.543      7.416      7.260      7.078 
     7.530      7.714      7.862      7.972      8.047      8.093      8.115      8.116      8.098      8.059      7.998      7.909      7.787      7.623      7.415      7.162 
     7.632      7.896      8.096      8.238      8.332      8.390      8.419      8.425      8.409      8.370      8.306      8.210      8.071      7.877      7.613      7.275 
     7.784      8.142      8.389      8.551      8.654      8.715      8.747      8.755      8.742      8.707      8.647      8.553      8.411      8.199      7.887      7.446 
     8.041      8.498      8.767      8.924      9.017      9.071      9.098      9.105      9.096      9.070      9.022      8.945      8.821      8.621      8.291      7.741 
     8.563      9.042      9.255      9.363      9.421      9.452      9.468      9.473      9.468      9.454      9.427      9.382      9.306      9.173      8.915      8.347 
